48.0 56.0 50.0 52.0 58.0 58.0 44.0 58.0 48.0 50.0 48.0 44.0 48.0 42.0 40.0 48.0 54.0 52.0 46.0 
66.22507122507123 64.985754985755 66.02564102564104 54.658119658119666 54.971509971509974 44.88603988603989 50.042735042735046 67.67806267806269 67.72079772079773 61.26780626780626 47.250712250712255 50.8974358974359 58.11965811965812 73.83190883190883 54.35897435897438 48.048433048433054 43.5897435897436 51.225071225071225 37.30769230769231 
55.811965811965806 56.76638176638177 66.22507122507122 52.37891737891738 51.96581196581197 64.20227920227919 53.105413105413106 55.84045584045583 68.44729344729345 55.712250712250714 48.77492877492879 46.36752136752137 44.301994301994306 52.73504273504274 49.358974358974365 61.58119658119658 69.1880341880342 53.717948717948715 66.45299145299145 

24.0 13.0 5.0 11.0 19.0 34.0 22.0 29.0 34.0 25.0 24.0 17.0 4.0 16.0 15.0 14.0 7.0 21.0 13.0 
62.84900284900285 57.20797720797721 62.6923076923077 42.065527065527064 47.193732193732195 32.12250712250712 44.743589743589745 63.54700854700856 63.561253561253565 55.34188034188035 38.3048433048433 45.18518518518519 48.774928774928775 71.6096866096866 46.85185185185185 38.6894586894587 36.495726495726494 40.28490028490028 23.333333333333336 
47.592592592592595 48.06267806267806 62.83475783475783 40.8974358974359 40.68376068376068 56.7948717948718 46.2962962962963 47.60683760683761 63.931623931623925 47.56410256410256 39.059829059829056 37.84900284900285 31.851851851851855 46.068376068376075 39.35897435897436 55.484330484330485 64.30199430199431 46.55270655270655 57.93447293447294 

50.0 20.0 10.0 20.0 30.0 60.0 50.0 50.0 70.0 50.0 50.0 40.0 10.0 40.0 40.0 30.0 10.0 40.0 30.0 
80.0 70.0 80.0 50.0 60.0 40.0 60.0 80.0 80.0 70.0 50.0 60.0 60.0 90.0 60.0 50.0 50.0 50.0 30.0 
60.0 60.0 80.0 50.0 50.0 70.0 60.0 60.0 80.0 60.0 50.0 50.0 40.0 60.0 50.0 70.0 80.0 60.0 70.0 

[0.25, 0.7000000000000001, 0.8500000000000001]