99.0 100.0 100.0 100.0 100.0 100.0 99.0 100.0 100.0 100.0 100.0 100.0 100.0 100.0 100.0 100.0 100.0 100.0 99.0 
79.41595441595442 76.02564102564102 75.25641025641025 80.04273504273507 77.52136752136751 77.2079772079772 77.93447293447295 78.27635327635329 79.37321937321937 75.71225071225072 77.16524216524216 74.58689458689457 81.96581196581198 78.26210826210826 83.96011396011399 82.46438746438746 81.1965811965812 77.15099715099714 78.98860398860401 
75.6980056980057 76.75213675213676 76.7094017094017 76.43874643874645 76.31054131054131 76.01139601139602 77.13675213675214 76.01139601139602 74.15954415954415 74.92877492877493 76.80911680911682 76.73789173789176 75.69800569800569 76.08262108262107 77.16524216524216 76.7948717948718 75.61253561253562 77.16524216524218 76.45299145299145 

100.0 100.0 100.0 100.0 100.0 100.0 100.0 100.0 100.0 100.0 100.0 100.0 100.0 100.0 100.0 100.0 100.0 100.0 100.0 
91.86407306144147 91.6640621160745 90.77632193228168 91.25925925925927 89.65720660413754 90.67669731369423 89.86812865497076 92.26358509911141 91.70667812579578 92.57520583991172 90.75816099964706 92.11111111111111 91.62975987496449 91.92389395949769 90.51382667899696 89.93181818181819 89.86100131752305 90.69368033254491 90.48316993464053 
78.59287749287749 78.84330484330484 78.61609686609685 79.00185185185185 78.91383624427104 78.77507122507123 79.12069412069413 78.92869722869723 78.34287749287748 78.4993524993525 79.30327635327635 78.87720797720799 78.93639291465378 78.77027127461909 78.82122507122509 78.96168091168092 78.64615384615385 78.95840455840455 79.06195961848137 

98.75 100.0 100.0 100.0 100.0 100.0 98.0 100.0 100.0 100.0 100.0 100.0 100.0 100.0 100.0 100.0 100.0 100.0 97.5 
81.83457655997702 77.07219496750388 76.48746487430697 82.04425465838509 81.67095599768234 79.0877919436272 81.14756037474439 80.09519434290601 81.64499585979596 75.87961752206604 79.46044109343342 75.6164046479836 84.69033618301351 79.6595655806182 89.01315046509555 86.76631532718491 87.06857812921886 79.75253846077646 81.20914968580874 
95.25637463223276 96.74264713166313 96.32892590501288 96.44885804732351 95.72998829291734 95.11904761904762 96.6735679779158 95.3861471861472 93.52465650291737 94.56145303971391 95.74953936223957 96.77112742330135 94.90560888386975 95.91743522178305 97.0843561472852 96.86045548654245 95.39344532279316 97.2411067193676 95.77993600602295 

[0.1, 0.75, 0.9]