100.0 100.0 100.0 100.0 100.0 99.0 100.0 100.0 100.0 100.0 99.0 100.0 100.0 100.0 99.0 100.0 100.0 100.0 100.0 
78.61823361823362 78.20512820512822 77.94871794871796 82.43589743589746 80.92592592592594 80.17094017094017 77.90598290598291 78.34757834757835 78.68945868945869 77.12250712250713 80.55555555555557 82.07977207977208 80.15669515669516 76.45299145299143 78.23361823361823 78.27635327635328 79.35897435897436 76.31054131054131 80.84045584045585 
75.61253561253564 74.18803418803418 77.16524216524218 76.46723646723646 75.27065527065528 77.43589743589745 75.61253561253561 74.51566951566952 76.83760683760684 76.76638176638177 74.52991452991452 76.46723646723646 75.29914529914531 74.95726495726497 75.58404558404558 75.99715099715101 75.72649572649574 74.5014245014245 75.61253561253561 

100.0 100.0 100.0 100.0 100.0 98.33333333333334 100.0 100.0 100.0 100.0 100.0 100.0 100.0 100.0 100.0 100.0 100.0 100.0 100.0 
92.6670653907496 90.42355889724311 91.27899877899878 91.27698853620916 92.06461172985942 90.87554726834915 87.55819696299571 90.37776744426361 91.49648966444633 90.28230134158926 91.39512143530183 90.83613579403053 90.62585064536874 90.37291144527987 88.21259197458889 91.77789449112979 89.68363307808387 92.2312091503268 89.32080200501252 
79.19062419062418 78.36383624427103 79.07421652421651 79.05541310541312 78.65791615791616 79.26324786324787 78.46125356125356 78.50137495354886 78.90954415954415 78.82549857549859 78.23903133903134 78.7599715099715 78.97734423386598 78.48337668772453 78.6163507989595 78.67977207977208 78.94294562120649 78.37050324876412 78.50612535612537 

100.0 100.0 100.0 100.0 100.0 100.0 100.0 100.0 100.0 100.0 98.0 100.0 100.0 100.0 98.0 100.0 100.0 100.0 100.0 
79.89682539682539 80.89897975000277 80.02706667855409 86.360194691565 83.22402019541607 83.79724310776942 84.04068141367912 81.70329232171336 80.58885438233264 79.8586773257254 83.47929606625257 86.5209491119102 84.33377911181114 78.73429043623551 83.31899558242269 80.63080874122065 84.0053309861494 76.11222108980891 86.33042586703914 
94.55598642619103 93.6501976284585 97.33201581027669 95.86271756466265 94.96320346320347 97.29459518361121 95.19935708837309 94.2051948051948 96.6358695652174 96.71969696969697 93.70410628019323 96.19549676329862 94.67342995169082 94.3548594807176 95.4144910771913 95.81080996298388 94.91028125417009 93.84264073522385 95.22806434826894 

[0.05, 0.2, 0.30000000000000004]